-2.275150412782617870e+00
-2.070502083345801214e+00
-1.955749628368166793e+00
-2.292124112603048047e+00
-3.477359592279909872e+00
-2.737698077949856756e+00
-2.434293049290296107e+00
-1.823430244698111435e+00
-2.274671683282563084e+00
-1.996169644923535103e+00
-2.307361745783795381e+00
-1.639602314452091036e+00
-2.983285655432486472e+00
-1.938875318006810344e+00
-2.624914331200748130e+00
-2.132881632334188815e+00
-2.161019804796173283e+00
-1.309632047460850046e+00
-2.156965752108915613e+00
-2.203274366317424793e+00
-2.272293365701290924e+00
-2.658565653066600198e+00
-1.786498420591412728e+00
-1.497819903756695270e+00
-1.639306565422921524e+00
-1.113378908604016893e+00
-1.307697238304037946e+00
-1.613469874479785293e+00
-1.943906958913274252e+00
-1.248076065566798620e+00
-1.695087264678599492e+00
-1.220964459345753372e+00
-1.141989638462996837e+00
-7.052834578239745023e-01
-3.301946520526534146e-01
-1.059204422458215111e+00
-1.323420140683228663e+00
-7.834863887333463062e-01
-5.188958416001143714e-01
-9.667391497321500271e-01
-9.354788399086010342e-01
3.425803531344021602e-01
-9.437792109495877213e-01
-1.150392552458040507e+00
-1.496600204171193715e-01
-9.328906270613825935e-01
-8.662097543463040950e-01
-1.458448470193927093e-01
-1.415306994718959377e+00
2.564010431670177281e-02
6.089069763221233167e-01
-4.028559711126253329e-01
1.934307804899141614e-01
-3.926714204248850093e-01
7.620610953601268944e-01
-1.402480509645099849e-01
-2.005138241342734329e-01
4.154989813054288383e-01
7.812394235578699053e-01
8.364379823485728060e-01
9.074496179333670920e-01
1.030223484908361131e+00
2.951076336110163845e-01
2.377546464788305169e-01
6.072052494945512358e-01
6.898731779534467146e-01
-3.027524946224768865e-02
5.796585617471404772e-01
7.003482880697717849e-01
4.790240728681982585e-01
6.028841018310502342e-01
1.434332358078394432e+00
4.825612256512472609e-01
3.083170445120679282e-01
4.268121147402789139e-01
1.145543734748370124e+00
1.076072871471544179e+00
3.287553923639296438e-01
8.411473769373001286e-01
-1.723711894924369048e-01
9.367366830996557425e-01
7.912240070183023111e-01
1.033072583153027191e+00
1.229887571354240539e+00
1.008255601907368071e+00
7.972435743338310843e-01
1.693201330458884213e+00
1.209707791295196788e+00
7.790851925536096401e-01
-2.338055187677127167e-01
3.437289706671611267e-01
6.760305574119453986e-01
4.958920282157441850e-01
4.728926804507195270e-01
8.400733848721775310e-01
-1.760387411335047059e-01
1.756138570209091476e+00
1.232623701026877017e-01
5.642582464844758672e-01
6.096533999897264522e-01
1.535795670403864444e+00
2.616784890667938068e-01
7.438990005030332586e-01
7.738156519093942753e-01
1.079765667737145884e+00
1.073403615805468503e+00
7.282370322225139025e-01
1.209477319615265056e+00
7.282160266361059620e-01
9.262149680259919027e-01
6.945333308228085478e-01
1.433418004177141825e+00
7.965268756684518170e-01
4.974225103005367465e-01
1.135755911383383499e+00
1.015774165577491450e+00
1.291775278074239308e+00
4.115263351410931025e-01
1.592941028941567971e+00
4.334333890936792333e-02
9.309860454362494098e-01
2.975432798172809035e-01
8.592924348957911018e-01
4.426180892312184811e-01
5.082779723794230708e-01
1.301370147350356499e+00
1.436356871129557344e+00
-6.762507173123488702e-02
5.386489787613111258e-01
7.771153618180188793e-01
1.146622436550807311e+00
-1.935559966567022006e-01
7.748860339151273369e-01
9.909506322199983508e-01
8.272520208088736116e-01
-5.579268931145038302e-01
1.061558261146853699e+00
-9.011110185967159403e-01
6.006114778452068537e-01
-1.093148577576850133e-01
4.047923530823738236e-01
8.813021660414109837e-01
2.225319552786768629e-01
6.730895123976732286e-02
-4.322589787096869918e-02
6.405104445103528832e-01
2.041670525379185586e-02
-7.312149919929493702e-01
-1.682349545073749952e-01
6.730871886932231485e-01
-6.296906912771941256e-01
1.697455845730160284e-01
5.458866733887954847e-01
-1.592534268780513851e-01
3.164332678892806117e-01
-7.137472673271688661e-01
5.509841420997692030e-01
6.567899185016899954e-01
1.688473670094058077e-01
-1.047816039578566005e-01
-7.356335588341137433e-01
-1.243734619982135081e+00
-8.899272981558388196e-01
-7.853624388038833448e-01
2.180876143062196182e-01
2.705079454656580396e-01
-6.908448942926563863e-01
2.149571017379652005e-01
6.131735559553627146e-01
4.717073393370660450e-02
1.048345577274343854e-01
-8.766857881926518603e-01
-4.076706064638265792e-01
-2.121232159330577183e-01
-4.905788007350808666e-01
-1.574513308880841622e-01
9.652960145044752194e-01
-4.019436094936552628e-01
-1.424875973848059862e+00
-7.041500704322271043e-01
-2.313262954222405354e-01
4.427532561292535362e-01
-2.692218570618160611e-01
2.912350337599050598e-01
4.296063943277566577e-01
3.083787539722677717e-01
1.215318126100197738e-01
7.211565422039643014e-01
6.466825108033968927e-01
-1.726442001305824869e-01
-4.941020093784523892e-01
3.453992739289392100e-01
1.646135107803243236e-01
-8.190707503740057849e-01
-6.437928837261607251e-01
-1.337174617894007211e-01
-5.035599620139706856e-01
8.776918937611494220e-02
-2.005179203606294536e+00
-9.590384359549566917e-02
-5.022363839192451884e-01
8.395094307639167086e-02
-8.082944024353451162e-01
2.185241788193497681e-01
-8.336680319696274100e-02
-5.908019519244095408e-01
-3.455864222037953737e-01
-1.334580699449924024e-01
6.965311547601409359e-01
1.462374310229834218e-01
-1.385816385022965669e+00
-7.439744191914512417e-01
-5.110857846108920466e-01
3.033611384700957148e-01
8.788232557310993176e-02
-4.565014357217925811e-01
-1.370814198790913263e+00
-1.866515783105834603e-01
-2.965781148466761219e-01
2.187432668602105057e-01
2.298665590719320972e-01
7.505183700969814131e-02
7.449021299730729240e-01
-4.082403808783108268e-01
8.244528926927854884e-02
-1.603166733014800283e-01
-8.170897946337332129e-01
-7.776896832810502591e-01
-2.723960202776419814e-01
8.265918237453037665e-02
-2.344875513753737206e-01
6.865383877940711699e-02
-9.417294283251291809e-01
-9.713326276838778472e-01
-2.909830845723287984e-01
9.883187645912042130e-02
-1.268404137647444196e-01
-9.914439970425276138e-01
-9.667537689076566298e-01
7.404355686155689176e-02
-4.548400611535102223e-01
-1.713481034985385509e+00
-4.796148031195089922e-01
6.950687944330911916e-02
-7.980688423332412684e-01
-9.829223266189031083e-01
-7.954536120558660661e-01
-1.048265437618071561e+00
-2.244201718583586636e-01
2.017043387718751024e-01
3.441021905132093939e-01
-3.168355700508110884e-01
1.597348020086689635e-01
-1.032996347191920128e+00
4.125213746869402787e-01
9.743316198185941746e-04
-1.591120498969042507e-01
-2.653791099606373494e-01
3.086722219381010657e-01
8.350183472005555663e-01
6.020237476205784199e-01
-3.933039317069268737e-02
1.250670722705154447e-01
-1.885659055752788582e-01
7.150734527554525322e-01
8.463539221606535268e-01
-4.267398739576851452e-01
2.859681138967580805e-01
-1.165884426612566971e+00
2.790112815542644120e-01
-1.002595907399484565e+00
-6.072825041334903862e-01
-2.253216419839146056e-01
-1.054779213280277184e-01
4.185544632876754823e-01
4.709528367241288538e-01
1.078700921106194421e+00
6.257554497580066766e-01
-9.542456424383372049e-02
-5.001408893761980501e-01
-3.643375314216732441e-01
1.982884738488863152e-01
6.932281388297434344e-02
-4.038246189000239128e-01
1.146623691451666760e+00
1.911456097565204515e-01
-1.084378962886890924e-01
3.508174159645258139e-03
-1.203522933680995499e-01
5.722294782441292860e-01
1.216993769608112341e-01
-3.564511521911062353e-01
6.875610906920865961e-01
-8.719904660755934955e-01
5.807985402406720121e-01
4.719850928005508983e-01
5.221696354387961314e-03
6.577547309719418145e-01
8.851530558615319233e-01
3.956852505641321738e-01
-1.685516230177297459e-01
1.466827034562463994e-01
2.670441337021754735e-02
4.930483794330343117e-01
-1.912178504440034121e-01
-5.079374958108071603e-01
4.743175528411294750e-02
3.738569229659291504e-02
1.663612104992164831e-01
4.884258867036151974e-01
1.629266349170412909e-01
3.485495254501767004e-01
7.202631779939431267e-01
1.764848066883000499e-01
5.365594068484929036e-01
-7.025629213687987207e-01
1.248430457480358968e-01
7.931166137324456855e-01
8.278532290165472318e-01
-2.415834294235649771e-01
7.462274041578739747e-02
4.876200485597992351e-01
4.154299875875625547e-01
-1.933321145263616758e-02
3.872938922268446271e-01
2.852408106405188160e-02
-6.602061670261043236e-02
-1.560454937616685689e-01
1.816522493903716673e-01
3.809331929406847839e-01
4.282012614086101454e-01
5.017230435229891317e-01
1.265200264978808276e-01
1.337360976208667174e-01
-5.543883917721460775e-02
9.429357645098246365e-02
2.964689370736327545e-01
-1.071679632538580507e-01
-4.701458553128931017e-01
2.598378143967650100e-02
8.038075226243132643e-02
-4.041911375500312209e-01
-8.607880254423622146e-02
3.887444213377255209e-01
1.005052248881968396e-01
-4.115253534413627068e-01
-1.995563381426240790e-01
-2.133737452106598820e-01
4.222284230125492588e-01
2.572193911291562052e-01
1.195448139157676837e-01
8.526874824186300161e-01
-1.624433926220754110e-01
7.478897378649126404e-01
-8.025222662766992032e-01
8.062036666021865638e-01
1.606772823571784581e-01
7.204860989081817157e-01
1.594581445430559574e+00
-9.431682262715599396e-01
2.431841637507642095e-01
3.297729627886842318e-01
7.053696616166172939e-01
-1.244165594713920603e-01
5.863394549780751586e-01
6.601272402762908831e-01
-6.346395866552979603e-01
4.815858593135994292e-01
3.609241001169508078e-01
2.685422132982440702e-01
-5.776546182346119496e-01
-1.161297668833564556e+00
-5.953751816018555687e-02
4.798131618314002700e-01
-2.168252090568140167e-01
3.944736649969500797e-01
3.437007630209904518e-01
6.878808447274161741e-01
-1.511584111010922937e-01
-6.996226339415390072e-01
-2.155665663121519027e-01
-4.155584067741577292e-01
3.816881780842493743e-01
1.992105228802402705e-01
3.851240210127381686e-02
5.428792410747156350e-01
-5.413117780862840567e-01
6.434851884853183546e-02
-1.309821701559662210e-01
7.099485590982405891e-02
-5.012418117606864953e-01
-1.959207513087596053e-01
8.285956255487669786e-04
-3.654008340109307085e-01
1.427771002099076370e-02
-2.696171358209537017e-01
-2.451331867875332637e-01
1.410069517097458924e-01
2.586515023619891801e-02
4.940570149395658306e-01
-2.888149904955515379e-01
-1.914955415109687309e-01
2.604909236934082606e-01
-6.759456713610700884e-01
8.488767051613832493e-02
-5.295840938665544728e-01
-1.983061936376990797e-01
-1.497853185944619525e-01
2.660534935619532360e-03
-3.663583753780191299e-01
-8.132676467012958099e-01
-3.359054999956085502e-02
-3.557445823614937552e-01
3.088030567657716885e-01
-3.705366650418111529e-01
2.049338144771715164e-01
-1.286349164574692283e+00
-3.698737758609054183e-01
-1.252043056513661101e+00
-8.972510431439515433e-01
6.086240779029440384e-01
-1.062576749299950357e-01
8.141886196598092929e-03
6.702510733882451888e-01
-3.356007214622094281e-01
-1.973901284132399125e-01
2.089354391570783787e-01
3.186456095801658006e-01
6.857977669768343387e-02
-1.390572366454440045e-01
-7.076053235587489443e-01
1.644182107598715636e-01
4.201388735414205988e-01
8.897707308146618477e-01
1.668095093831644948e-01
-4.880681309115151301e-01
-2.829297519062063393e-01
1.016413479419509547e-01
-4.167618480887728127e-01
3.543064236081043816e-01
2.018533273989621402e-01
-4.673511392559787092e-02
4.163782501448311524e-01
-3.925494867542457245e-01
-4.041495883427243530e-01
-5.999044819162111519e-01
-4.081000703014701081e-01
4.498450609512428811e-01
-4.729202756800608975e-01
3.819103760617567622e-02
-6.430473194930890202e-01
8.729166216383765775e-01
6.055417560366422869e-01
-2.877385276870308428e-01
-2.346970692416118776e-01
-7.006146281750513793e-02
2.378139387848969832e-01
3.320093197275083008e-01
-1.861905245227007955e-01
-4.644509590215878947e-01
-6.377756704967176837e-01
6.063491684091741885e-01
6.456396617641324553e-01
-1.477087187209923658e-01
1.138849844390708993e-01
-4.030865276952247389e-01
-1.228102591016238115e-01
3.126807268316218469e-01
6.200096410027164939e-01
1.260663445848597464e+00
2.010848232928978963e-01
2.951986072845673159e-01
-5.401736354645333416e-01
1.799656017503550864e-01
3.505340036598945108e-01
-9.536948359280943421e-01
6.409866956563411988e-02
-1.814732410593645484e-01
2.948893932198431989e-01
-3.241266410113517460e-01
-4.879677061796464654e-01
-4.362305372333578068e-01
2.280061596274803315e-01
-3.042977483896270874e-01
5.457108406572805936e-01
1.203065807536715770e+00
5.822453111297743594e-03
-6.837571586571822291e-01
-4.537683523656851348e-01
1.832737892923630707e-01
-4.947084454934810860e-02
-7.260256687963935196e-01
-5.999984865820666702e-01
-4.049279822449476929e-01
8.114427714137445458e-01
6.168153980093762367e-01
2.092127160839201555e-02
-2.340988490188339877e-01
2.858175411797554410e-01
8.472948567889443394e-02
-4.558405531854428094e-01
5.365465537915781180e-01
5.831875983774617578e-02
2.701807962019305287e-01
7.073992892322510384e-01
1.983630515316005816e-01
-6.812284403860849880e-01
-3.077704787681903031e-01
3.985660201889452692e-01
-5.663776970763395591e-01
-2.889199649219550969e-01
-1.553608419995621548e-01
3.021526153490325939e-01
2.197141401264362248e-01
-2.149381074715189799e-02
-2.187808892917148529e-01
1.275424675689540155e-01
-3.460861309633989080e-01
9.079249064413053016e-01
1.192217444214364264e+00
8.018520474940715737e-01
4.417185105195904904e-01
6.808090225543025342e-01
5.499726939830954509e-01
7.269005398496711789e-01
3.872665435036013459e-01
1.633252268379420169e+00
1.510119726227494130e+00
1.456600484121926442e+00
1.593084667662266529e+00
3.664951745224342972e-02
5.770105213070176875e-01
1.191674888492627371e+00
9.166367257858302198e-01
1.552772097437530974e+00
5.974078231580760567e-01
9.266754958716276747e-01
2.184424678058433766e+00
2.863858724987451421e-01
1.473861037303553667e+00
1.230805952174745421e+00
1.421740961308189943e+00
1.133907803305350237e+00
1.396067034282919561e+00
2.050125796160284786e+00
1.948237818927720522e+00
1.686343284979402224e+00
1.890143723064408920e+00
1.251608818464365225e+00
4.109508793321705600e-01
1.555227681335789036e+00
2.564077986925550334e+00
2.589466705926780410e+00
1.846756759366900758e+00
1.973759508925934547e+00
1.256420663812168215e+00
2.165712873469326727e+00
1.866457311859140988e+00
2.062577718333252541e+00
2.661589918780231656e+00
2.320939459888832879e+00
3.928104058185191594e+00
2.478026798093797112e+00
2.578680961275971129e+00
3.249611173806229658e+00
2.104456496748125627e+00
3.137518603606947121e+00
2.352415020908806831e+00
3.372696901270450187e+00
2.877261258201447625e+00
2.906973324608347564e+00
2.866654561404979429e+00
2.565722499942432844e+00
2.979174465033042729e+00
2.195409140996519959e+00
3.474295163676826892e+00
3.123011455350290344e+00
3.243408085506239491e+00
2.927954257524380655e+00
3.507439760679143870e+00
1.646835668820367360e+00
3.467134460677228081e+00
2.732352607098630592e+00
2.969649795865130670e+00
3.299588034552095817e+00
3.810894406971621073e+00
3.485392482402671632e+00
2.868387150674972741e+00
3.072465352085427703e+00
3.334201902786134486e+00
2.741055379230960654e+00
3.819955877117132026e+00
3.292891825346995205e+00
3.393225549806756725e+00
2.643171083214312045e+00
3.461258057110945696e+00
2.923057872911674071e+00
3.426497126595606790e+00
4.071141125778567016e+00
2.791812359040744873e+00
2.966592558124364842e+00
3.298738027157411157e+00
3.284278827208902740e+00
3.764413166095338603e+00
2.642698377558732492e+00
2.564013138190810004e+00
3.151304114549130730e+00
2.824199338832571460e+00
3.286124038988556872e+00
2.522924254504784081e+00
3.694304421016739504e+00
3.004196643543769696e+00
3.154957953337667931e+00
2.564608480128057089e+00
3.047387686247709837e+00
3.300693816368892808e+00
2.480758805231018993e+00
3.145298254884921541e+00
3.215640686912299540e+00
3.799362802537713080e+00
3.692966209071318229e+00
2.854370291697259532e+00
3.335697387255178281e+00
3.408926398424704907e+00
1.878003032729282928e+00
3.590667257790168154e+00
2.736305770042835039e+00
3.857912133835002422e+00
3.283440470133647704e+00
3.171122508644856008e+00
3.029947308322302302e+00
3.567594999044946036e+00
3.625426841700152281e+00
2.836370516733917935e+00
2.628580337542606227e+00
3.385157335736629580e+00
3.047567292937511496e+00
3.017707721872744830e+00
2.137608597158811019e+00
3.406062728607187839e+00
2.788297795951916846e+00
3.377371805750952749e+00
3.171898594025434281e+00
2.448860517410672344e+00
2.470417524513035534e+00
3.492767048873372193e+00
2.525343940361945094e+00
2.836581672009940824e+00
2.955391156431958155e+00
3.515447247438766354e+00
2.381371264748266547e+00
2.514053357953353274e+00
3.354007042039427233e+00
2.029422416315163069e+00
3.187467610839074261e+00
2.808916472382817719e+00
2.028937823070621427e+00
2.947030252577280240e+00
3.066718993924946624e+00
3.023074823023450985e+00
2.076424368955192445e+00
3.085398492920228719e+00
2.945557004736184314e+00
3.070575966519988764e+00
3.190331133993331569e+00
2.814548224670433640e+00
2.019634231650722977e+00
1.857259515165398778e+00
2.509984979570361929e+00
2.470131014853459206e+00
2.567357635232999424e+00
2.004598660913220254e+00
2.206512633156964220e+00
3.034483216146706130e+00
2.736699728467557602e+00
2.023078468637229843e+00
2.329349049341558953e+00
2.796375824459215398e+00
2.140627552671051870e+00
2.260285694120783617e+00
2.720427784159122897e+00
2.295062285157406734e+00
2.345729777768296831e+00
2.524782066492130106e+00
2.585139913980975646e+00
2.149184027747551795e+00
2.130572282455720057e+00
2.578711419871594579e+00
1.876433363833213352e+00
2.197666067140608082e+00
2.510490996039256295e+00
2.222971860833711233e+00
2.118023471722191520e+00
1.513768825477690427e+00
2.763736444460561437e+00
2.037564335845330366e+00
2.022050159374609191e+00
2.605211559415664180e+00
1.948705974336034874e+00
2.020507185685957552e+00
1.690012605714674265e+00
3.073920281995706549e+00
2.837864341860441009e+00
1.842409456453095729e+00
2.095695819152975314e+00
2.281882442784465503e+00
2.325612581633083042e+00
2.443937208496658187e+00
2.449356603431287027e+00
2.818466862730530931e+00
1.329397965594828257e+00
2.871544858145754109e+00
2.578100077853689776e+00
2.654776713994861925e+00
1.580462596366353001e+00
2.308081118346662741e+00
2.944234510632091517e+00
2.280197206278293365e+00
1.278905003157033260e+00
3.158881603741218402e+00
2.515302997145579589e+00
1.280938798579863480e+00
2.473845761136847621e+00
1.025738980549033785e+00
2.105951221505549587e+00
2.712925959531194753e+00
2.545474502736639444e+00
2.362978092995803081e+00
1.539681690568708738e+00
2.009808994945511795e+00
2.659705780660397423e+00
2.510084949318202252e+00
1.921505617365937724e+00
1.204033731302211807e+00
1.987145999984789357e+00
2.512361706130785244e+00
1.629726669835541042e+00
2.643364907853122947e+00
2.533486080635777071e+00
2.407428063212041724e+00
1.407121512297313526e+00
1.857846734767652830e+00
2.437977924258055040e+00
2.488958423901397321e+00
1.665862237585660877e+00
2.492573406341966447e+00
2.444463673879913479e+00
8.179388350684695386e-01
2.247059693968467275e+00
1.809381777112671230e+00
1.938093493012261526e+00
2.167289863418721652e+00
1.371619026758826854e+00
1.575265475889886524e+00
3.159679056970719380e+00
2.863494140628353612e+00
2.665539096364995864e+00
2.438699081940228108e+00
2.794109721951959724e+00
2.604827891401887641e+00
2.047970712955864858e+00
2.671969135145278340e+00
2.698564342068769051e+00
1.800663914017620826e+00
1.629299626093649866e+00
2.270793144085181403e+00
2.798599926605923827e+00
1.743729169887678232e+00
1.586174824903587854e+00
2.188946901582773386e+00
2.199887581025133265e+00
1.573834041443105125e+00
2.245361372767581187e+00
2.767777625475979608e+00
2.975787389061542498e+00
3.427030448008513641e+00
3.076183634849057658e+00
2.482433406843878920e+00
3.504618949831256547e+00
1.940701013995882462e+00
2.482495847520051591e+00
1.591073560397325393e+00
2.857226169068806776e+00
1.577496743524374967e+00
1.214445855764681781e+00
2.703625955568058181e+00
1.746599844290877668e+00
2.417067365953198266e+00
2.199216442932140581e+00
2.757196007459548071e+00
2.366526637520871112e+00
2.928277177221694227e+00
2.249088096387476643e+00
1.618146895903354920e+00
2.940786089389973768e+00
2.742963892909833667e+00
2.667507994606180155e+00
2.275976896802029081e+00
1.423946728256247241e+00
3.088156775995714920e+00
2.709303355705407590e+00
2.368512562622127060e+00
1.670561287009312057e+00
2.790761651452729808e+00
2.279593333937274480e+00
2.358340991758016258e+00
2.333576936279415204e+00
2.306109673891685308e+00
2.632447621049831543e+00
2.774563197076244325e+00
2.509060288605971856e+00
2.733461627896455415e+00
2.885063170568380464e+00
2.348350467717174261e+00
3.164108173572576455e+00
2.213518570695120591e+00
2.399291912939206295e+00
2.382819790941334670e+00
3.006318458129585647e+00
2.025617011010076851e+00
3.416972511408221003e+00
2.841127735368728313e+00
2.889545824901476934e+00
2.452711562326499006e+00
2.449052213866220740e+00
2.275609631649245568e+00
2.403341053917488868e+00
3.276980901282865233e+00
2.336287921690991976e+00
2.204505856292295896e+00
2.000654683664122580e+00
3.393222879552556304e+00
2.266758652205613789e+00
3.052210253197823242e+00
2.186553387169882789e+00
3.610953745793547220e+00
1.609675362021241174e+00
2.990731186283794418e+00
2.757328608749110899e+00
1.926711301937651388e+00
1.877549988469625397e+00
2.524819059625780238e+00
1.787757448866217125e+00
3.378036417591166796e+00
2.911163366022609722e+00
2.728741389561050834e+00
2.283420454960289447e+00
2.448002676977301562e+00
3.061251786959418908e+00
2.902339569706926969e+00
2.089053653136319966e+00
2.232795981368147054e+00
2.064188238892376237e+00
2.644028282686547104e+00
2.418790937635693528e+00
2.719637589624223750e+00
2.492286714034156692e+00
2.526121597472062330e+00
1.957717259709914170e+00
2.508919667991166946e+00
2.015460474535089030e+00
2.296058171961339323e+00
1.857500612168077714e+00
1.880064853261594227e+00
3.246720805387793618e+00
9.620261626590831394e-01
3.132286736140700967e+00
2.616731584690543677e+00
2.285373198563524166e+00
2.664735920229155841e+00
2.173565666928771734e+00
2.333466403032465220e+00
2.364788915361012656e+00
2.556014006387770543e+00
3.039605853297756788e+00
2.140703796552995808e+00
2.003908999154983661e+00
2.150307379116935369e+00
2.778199209788774660e+00
3.440243623060965650e+00
3.164876174408751464e+00
3.094004889336105624e+00
2.415400507075800896e+00
2.380999245992484692e+00
2.587276927571201313e+00
2.378054904232387745e+00
2.156132980971435131e+00
2.957155521046496816e+00
2.836107362109647312e+00
2.420203027071273105e+00
2.290635678154012034e+00
2.230948168987911817e+00
2.699940116701892379e+00
2.919429230366164862e+00
1.524822103392458938e+00
1.316619049797360441e+00
2.993730342746650397e+00
2.667084059582600197e+00
2.719725116901157591e+00
2.482500774580503222e+00
2.646332591555311531e+00
1.785468365242595556e+00
3.845510665461132405e+00
2.123279312201810765e+00
2.651729435479662556e+00
3.134298846633812641e+00
2.311828433337742794e+00
2.917596992904547992e+00
2.063436011132813608e+00
3.199496408612556575e+00
2.770517368241121048e+00
2.197316018329887655e+00
2.991337205753432205e+00
2.439090328475389757e+00
1.917363785588855674e+00
1.412262732343941174e+00
1.935119136776094484e+00
2.781364765710716558e+00
2.621547246447804458e+00
2.327473175239151093e+00
2.507132136955612989e+00
3.170254488204307997e+00
1.756568329624193403e+00
2.403957052187596144e+00
3.091559180368091742e+00
2.361450077593747476e+00
2.754593068111361731e+00
2.537100165754928582e+00
2.402964474672911965e+00
3.009592810005258467e+00
3.497304532573185298e+00
1.735221843228120342e+00
3.085952902025764555e+00
1.894376122094132420e+00
3.997700851030191238e+00
2.000179487725850969e+00
2.777430922739019259e+00
2.680651144943700270e+00
2.516200693040969938e+00
3.026790334325233811e+00
2.164919122722878342e+00
3.281146855729773382e+00
2.354332412635602889e+00
2.031557645791042255e+00
3.356575013916407002e+00
2.479758966397539233e+00
1.658044432844234528e+00
2.759730899908267698e+00
2.365083994026907277e+00
1.823710410483071698e+00
1.852883189956781251e+00
2.671979766299113823e+00
2.980126245849082700e+00
2.272679347682354134e+00
3.386393825782036515e+00
2.757959383354872784e+00
2.636062543073570463e+00
1.930176048828609048e+00
2.681658412048258722e+00
2.316197795682477523e+00
2.595665327417594703e+00
2.642936931644719323e+00
1.618462695918217786e+00
2.455782585906403970e+00
2.774084617176083789e+00
2.642339838087815806e+00
1.892193736870642962e+00
2.276727449374428058e+00
2.364877390334441998e+00
2.606375652034732315e+00
1.686805284485841216e+00
3.417848915899010187e+00
3.450982559290613594e+00
2.260965890834595537e+00
2.020010631652079169e+00
1.723661749072443516e+00
2.637913676074896241e+00
2.418728122629894006e+00
2.812570963482910358e+00
2.024428465201463911e+00
2.326950385830337087e+00
1.596877921724299210e+00
2.836656617412909753e+00
1.689579861506120384e+00
1.564645056342042650e+00
2.348906367560753772e+00
3.483175788882081569e+00
3.534527029269410647e+00
2.963545194183067277e+00
2.808429186237193953e+00
1.978635300520345197e+00
2.802347619281972513e+00
2.358172229457599300e+00
2.335118762276496174e+00
2.683941778660804633e+00
2.711331689950066792e+00
1.986707778056389540e+00
2.817935383578180186e+00
3.394695756979150936e+00
2.824074114517449274e+00
