1.424750775887113852e+00
6.662554337422025297e-01
-1.950651929282590569e+00
7.962807241743041775e-01
1.756344201139739214e+00
-1.451112373289707325e+00
3.000593604862497044e-01
1.229729631842363613e+00
1.751188144694898696e+00
1.314972307869525014e+00
1.339611916490035304e+00
1.377909624523143695e-01
2.870234163635988267e+00
-1.107239241319850187e+00
1.102110063351082525e+00
1.382971486912649706e+00
-4.108122710619260265e-01
-1.633937006040745654e+00
4.536214256959549274e-01
-4.699570734668619409e-01
5.920305256737687927e-01
2.081853967025889263e-01
-7.227220226033596040e-01
1.643804914542817963e-01
-1.158962447062827222e-01
-2.843008738463326246e+00
-7.308935348514599140e-01
-7.907419210345261185e-01
1.439643791347644752e+00
3.701932282618887460e-02
-1.085258198695439269e+00
2.199927575489483811e+00
7.862352341766817299e-01
-2.285597311492368888e+00
-1.758105939463384892e+00
-1.431335987377617969e-01
-2.737384811724376643e+00
7.135183141824420483e-01
-4.727782323471849679e-01
1.892151982171735858e+00
-4.648795877979551294e-01
5.012826909680883070e-01
-1.154794943151008280e+00
-8.540881980560798281e-01
5.369879679946959472e-01
5.418695260366496180e-01
1.747587496938070695e+00
-1.311853630288641437e+00
2.310634291108285776e+00
7.000786834520494883e-01
7.903311351196850021e-01
-1.547011773141989455e+00
2.034347783339427451e-01
8.076852025544608571e-01
7.157831285362968865e-01
1.121101409614303490e+00
-9.152931109938132748e-01
1.119710825204345950e+00
9.498026986247578574e-01
-6.131303157650165314e-01
-1.483365880416217086e+00
-1.254397387423540566e+00
-1.538849901836887524e+00
1.903459329301173009e+00
-9.303732060693956640e-01
-6.070838030116351147e-01
-1.708073370964525162e-01
1.064652618068797629e+00
-3.398041907900908321e-01
-1.465191908275239874e-01
3.456951413534548045e-01
-6.272691571271769850e-02
-1.146014504925312594e-01
-1.061656945263368179e+00
3.369392567578021747e-01
3.106470928278865506e-01
2.952185304978983873e-03
1.868898514603751781e-01
8.250479389087714971e-03
4.560003652950268549e-01
2.999489564072200798e-01
1.908217914551116445e+00
5.394306378003205227e-01
1.152485866023608585e+00
5.844616303089954223e-02
-4.439898920974752472e-01
4.275642313789639326e-01
-5.114196340431163001e-01
6.051179149499090748e-01
1.500253382415196901e+00
-1.060483524547344070e+00
9.232640972158952242e-02
-5.107824501450604071e-01
6.464201240867899212e-02
-1.217127587710021386e+00
-3.440866153655906534e-01
2.039916351903408476e+00
8.711994226930694918e-01
-2.044067867036582498e-01
-1.368486867332278756e+00
-4.076243633735557870e-01
-1.120361365947928789e+00
8.078522283505076285e-01
1.256092087041620065e-01
-2.170990144053055459e-01
1.368470395950132090e+00
8.256136225897233727e-01
-7.061309998692030243e-01
6.099726004091379217e-01
-1.810926452112714635e+00
-6.446515925400338187e-02
-1.321222258249726611e+00
-1.638312397754891681e+00
1.297532808919060088e+00
-1.594821944695421045e+00
-9.867394150223728344e-01
1.006158147361540189e+00
4.527047702824359421e-01
-3.681022449300124233e-01
2.030769119952442470e-01
-8.996708358736041911e-01
-2.403205167691808697e-01
-2.199993579698281021e+00
9.723716250491919455e-01
-1.992656062588001042e-01
3.225524824349315645e-01
3.872976653965370941e-02
8.562980452214082883e-01
-2.621420665517965598e-01
-5.589552497240461992e-01
8.769519014355059428e-01
1.321013281864990896e+00
4.914626382403354705e-03
-5.467336200695039894e-01
-8.369524968331781833e-01
-4.607291137252636504e-01
1.212429252902515353e+00
1.240104638819983229e-01
-4.883162979566599976e-02
-7.416786317888385272e-01
-1.151709297398080256e+00
-5.321338371751099805e-01
8.367477277771648847e-01
-1.177226366434006133e+00
-1.464530071883513029e+00
-1.313325047778172605e+00
-6.929881674488627130e-01
8.717586211579575473e-01
3.240433426257212091e-01
8.309281971340291839e-02
-7.480252389008920089e-01
1.157282630340974672e+00
6.815614986192199964e-01
-1.347794084759615485e+00
-1.299198543136333539e+00
-5.037482170105247459e-01
-3.085084899007071724e-01
-1.588311998772514444e-01
1.372067511901290116e-01
-4.938225619930727284e-01
-2.785874741910263630e-01
2.455498398110415703e+00
-2.006771755136506297e+00
4.405324915583438417e-01
-5.147755693399774790e-01
-6.943023067239616208e-02
1.389427568149952164e+00
3.732118344272902788e-01
-5.205741435072624990e-01
5.660593133764529883e-01
-1.554897570257146935e-02
8.308527295253612666e-01
6.227774240666784644e-01
1.521169773659432733e+00
1.467834670497022431e+00
-1.578535931738977105e+00
8.289664051069081108e-01
-8.930949567464976369e-01
2.257536646594525909e+00
-8.779976194806835554e-01
1.503328578618582378e-01
-3.500692720486301424e-01
3.612400181064856497e-01
5.412727950607888472e-01
-5.069867868755214557e-01
-5.593953017559171181e-01
-1.330172573851628126e+00
-1.211259352775930775e+00
4.638376055739927284e-01
-1.412794593335309878e+00
3.980111792714959296e-01
9.005503270345587702e-03
-1.153883503173254166e+00
-1.750994503748717346e-01
-1.224570284025835676e+00
5.961475113865244424e-01
-4.226890463721625496e-02
6.484993660999958109e-01
-1.600708331221038783e-01
7.962432753881992786e-02
3.241686366139570619e-02
8.996461252389161833e-01
-1.186996541357019652e-01
-9.583415880721793956e-01
-2.039781993942163252e-01
1.771845089627900605e-01
9.738672236867633725e-01
1.396383885902638677e-01
-5.046361415722480093e-01
1.012963173883326906e+00
-8.491748036917013964e-01
5.272413007448064626e-01
-1.334362313611234530e-01
6.226491090859590655e-02
-9.805095448032131733e-01
-2.414961136916171092e-01
-9.476542132237417704e-01
-1.083035828724007443e-01
9.628275609127340262e-01
1.205289934109080807e+00
1.972306983653550727e+00
6.629717591042193492e-01
1.086479575262234043e+00
2.682445045699068456e-02
-1.113068626869753608e+00
9.557229246254694832e-01
2.125775023529368757e-01
1.403024503186267369e+00
2.607360345638406240e+00
4.197580885773650183e-01
-6.602748571029166957e-02
-3.484764343975924605e-01
7.975761508553886880e-01
4.917181184460661103e-01
-1.309348054593088007e+00
-4.265173769374859258e-01
-1.927544909169398024e-01
5.087257340326002408e-01
-1.190579693244400855e-01
1.048833080660002137e+00
6.902069424193268965e-01
-7.376103604462335150e-01
6.013687627320050133e-01
9.597320196595969799e-01
-1.137249938458654963e+00
-1.283049377092192023e+00
6.865887443148599445e-01
-5.665875640255355616e-01
8.949944574159727217e-01
8.593339847539877008e-01
-9.125157006936976956e-01
5.914438933532539799e-01
3.501326452604625050e-01
-3.056104898098023770e-01
-7.489586815478316284e-01
6.467456872165679993e-01
-1.244834602883537061e-01
1.287836371550895864e-01
-9.525929358442032646e-02
4.209335768760082974e-01
9.187367491252056151e-02
1.370358106455602298e+00
6.305431234473781732e-01
6.838047951346573061e-01
1.050838020828679165e+00
2.478142706485373381e+00
-6.018080854518667033e-01
-7.906263429276753074e-01
1.433423812082341708e+00
-5.591995509547883353e-02
-6.633230635107026929e-01
1.534680235040076335e+00
-8.377470932452727448e-01
6.124669881332219790e-01
8.752006068375007830e-01
2.649764154465198640e+00
6.683936690674645298e-02
-7.223190769200387162e-01
-4.072900410040292685e-01
-6.698302385368786194e-01
4.390704220750970554e-01
2.043434233861926685e+00
-1.908929361988280116e+00
1.154927082693638196e+00
-1.337402321702452435e+00
-1.771661669909631309e-01
-7.117801835286324819e-01
-1.212591982925170120e+00
6.708308491488669256e-01
-1.235480503320062762e-01
-2.032313581184024692e-02
-9.164618242581961116e-01
-2.536136006129354747e-01
2.048311904746408896e+00
-8.493243055344091852e-01
-1.536351106745525996e+00
1.079014671392421576e+00
3.308927239915984697e-01
-1.841893072448312241e+00
6.686265468951564650e-02
1.079639571903858730e+00
-8.605540471493327015e-01
-5.958225281977278520e-01
-7.640757876841032248e-01
7.751738426869845267e-01
-6.192910960036334123e-01
1.018469916579927692e-01
1.469659138345266736e-01
-9.478096907746494937e-01
1.297449365397187249e+00
1.348372488035468164e+00
-1.520852258385015254e+00
1.733046367489141648e+00
-1.823850448257177348e+00
5.102111378167678568e-01
1.102545232683213916e+00
2.434937394221312335e-01
4.446743000124289136e-01
-4.947319343417324045e-01
-3.951053796132601992e-01
-4.422481369008428587e-01
-4.511694970479838696e-01
2.462014120852815680e+00
1.530320783360918035e+00
-1.101601234903912596e+00
2.867283711296713875e-02
-1.158487985593738223e+00
-1.997145658839181437e-01
-1.399287643938319281e+00
1.013798418840158755e+00
-8.842449418434061847e-01
-8.474994708086932560e-01
-7.213177150951046723e-01
1.452452970342944516e+00
9.556629795238757996e-02
7.319017748960048309e-01
1.097570620605668124e+00
-1.712466524307812321e+00
1.066808492764856231e+00
1.110536818378037721e-01
-5.862337395511901805e-02
-1.155223489190424058e+00
-1.258484688761579040e+00
-3.838639978796014041e-01
1.093039656291062034e+00
7.986467798919572036e-01
-6.140319300198492369e-01
1.320881217688238296e+00
1.259859595056895154e+00
3.957416925782069606e-01
8.681114217091425722e-01
3.124353690327327793e-01
-1.439305379574901345e+00
6.985058026499362249e-01
-9.766708748590765543e-01
7.537074277008576351e-01
-9.901023561016797370e-01
3.270258497683476984e-01
-1.881574674231996647e-01
1.290463835582443819e+00
5.726650303569563727e-01
-1.170521445340684669e-01
6.943851600031378801e-01
1.259246081920020188e+00
1.530134236894479249e+00
9.903170952494331214e-01
-2.592180243583281918e-01
-1.129236506637898874e+00
8.330497541774860570e-01
-9.667802598800500080e-01
-1.092813571023479202e+00
6.265028330617778973e-01
-9.813711058926888331e-01
1.318285578235762534e+00
6.916591027781329171e-01
-1.306152603525213785e+00
3.374146916586536205e-01
2.003512653145942402e-01
-1.260046060071109641e+00
-1.201076331307921796e+00
7.052263972234429357e-01
2.861278581819945988e+00
-6.369181761625389848e-01
-5.283444577015212751e-01
-1.381438782699121237e+00
6.738714168857142806e-01
7.163164089899005660e-01
4.631859202919485496e-01
-1.648433969452088421e+00
-3.602699076600121009e-01
2.617483654418881200e-01
-9.987752810034897233e-02
-9.199842438342906714e-01
2.137350312922741136e-01
2.023340306774964736e-01
-7.008804358573190729e-01
6.848569782101617820e-01
3.705880839560720119e-01
1.496548364050984015e+00
-3.581410478901899674e-01
1.495372915513317746e+00
-5.064873225427457548e-01
-9.720933650929928227e-01
1.299861754385669199e+00
-5.582064225989446377e-02
-5.414752914126390593e-01
-7.062544325140707180e-01
-8.905807213148919654e-01
5.287195332202647702e-01
9.403058091277717301e-01
-6.703285989834223413e-02
-6.338427865490139368e-01
1.914754234088634099e+00
1.293072402121077102e+00
-4.276502731284489434e-01
-2.741225546374767563e-01
-3.965075762403024590e-02
2.666207761944675569e-01
-9.581178856017854573e-01
-1.529597826313836784e+00
-3.119487862703034242e-01
-1.245308575531693496e+00
-4.192320713205885396e-01
-9.569495968945511410e-02
-3.934810117291120957e-02
-1.479331773977446973e+00
-2.264874000706030011e-01
-7.104515190862642493e-01
-4.921228938904173011e-01
-1.106731584507030908e+00
-1.756251818706793810e-01
1.182549150059291732e+00
-8.838732369527916299e-01
3.652538090399412574e-01
-7.161489722750026266e-01
1.904629886433043540e-01
1.559395744971539433e+00
7.974812545433938027e-01
1.286028684745235795e+00
-4.023105165160117402e-01
-6.926712410344311455e-02
5.226746574314765637e-01
-2.907674071362154056e-01
-6.223370318386181044e-01
-1.490041378520974048e-02
-3.410506651529578992e-01
-3.117483685019539763e-01
-9.656089544453821949e-01
3.277505938215190540e-01
2.980608870607995842e-01
-8.519542649230545939e-01
7.862750160676525990e-01
-2.030451258757689281e+00
7.795160681656776447e-02
1.558672228940536364e+00
-1.465426253581197491e+00
-1.217397131849424996e+00
8.406129616321157405e-01
-3.804866111154217023e-01
-1.780475377775608001e-03
9.366081806090296169e-01
-1.903397370059306797e-03
1.780815372990053769e+00
-1.136040266991836134e+00
6.426488918213805190e-01
1.858738184451496078e+00
-2.108656313034278085e-01
3.695757072525746034e-01
3.343876960848251034e-01
4.920406680338901828e-01
2.636832398992652871e-01
1.248176701279840595e+00
7.202417753934242661e-01
7.944968987784698511e-01
-2.903469088204443382e-01
1.677791011391929876e+00
-1.732047748429304201e+00
3.520957798439827147e-01
-2.126006478901686148e+00
-2.128849861725422787e+00
9.358187881047129730e-01
-3.961651665486272678e-01
2.003070046529396020e+00
-5.093378155685236441e-01
-1.845582661150220183e+00
-4.142083815479941644e-01
1.143432477137909631e+00
-4.509650151049245381e-01
5.859014292909474619e-01
1.178942802335396278e+00
1.443349197163781517e+00
1.191941351170289209e+00
-2.897185381830893025e+00
-4.836335404012258588e-01
1.198636241036450840e-02
-4.532982314603831164e-02
3.947362341171741645e-02
-6.426624772178783918e-01
-4.869686385830582775e-01
2.174081433123165041e-01
-1.461633095795248805e+00
3.047187514101904471e-01
-5.007766297587320503e-01
-2.376218322940504279e+00
-8.718045686506575853e-02
-6.566280531157794309e-01
1.714423655826899262e+00
-9.835638765467451528e-01
7.062962353250986647e-01
-2.945495088882560952e-01
5.100675871477134971e-01
4.152097830237200249e-01
1.278627053451210915e-01
-1.989855470928232339e+00
1.122111016190629584e+00
-7.045989714619040889e-01
-1.141762587770744464e+00
4.099864568357430850e-01
2.887942976123280547e-01
-2.539698004353856398e+00
-1.237295864592882655e+00
2.698207606696344518e-01
1.348268645599688842e+00
4.984695691614959845e-01
5.199028111458499080e-01
-2.832120810534219379e-01
6.756404166751113216e-01
2.744961534913508139e-01
1.791752509478200528e-01
1.094562808627253636e+00
9.047678184548322289e-01
-1.098856531656192903e+00
-1.897464328182834059e+00
1.852503193945307866e-02
-1.623701311580209472e+00
2.663720964688616188e-01
6.196854743005119071e-01
5.562854924334347251e-01
3.152179057741960833e+00
2.477836499122195502e+00
5.831728609190243162e-01
-1.134538130342964239e-02
1.142120377213823174e-01
2.059370457306382463e+00
6.538430655956046778e-01
1.006159172510011857e+00
-8.508787299649509528e-01
-8.194487225423487953e-01
1.337957327352757630e+00
-1.812493972382634988e-01
-1.701940123045113218e+00
3.211361153544052549e-02
-1.475977847583210267e-01
-1.336740668265727239e+00
6.531980823634869759e-01
3.524688988019393787e-01
-4.208606248719323206e-01
1.959929395571442079e+00
-4.572780435752945571e-01
1.493296212395450073e+00
-4.554513172338799376e-01
-1.552110681192312214e+00
-4.556685318711269916e-01
-1.170995403974286919e+00
-1.091345637117199008e+00
-1.157957224673962449e+00
-2.142793233455714541e-01
-9.377668469689290909e-01
-9.072113640343629215e-02
8.586441467231603012e-04
9.773953330341565715e-02
2.087882172817734083e-01
-7.228565603392620442e-01
-5.230089613998616382e-01
5.262297503148551936e-01
-1.128557050853079557e-01
5.959342831053010547e-01
-4.448216020783272717e-01
-7.188079880832459745e-01
1.189764365737933094e+00
1.108751964535874768e+00
-1.055708468595218802e-01
-9.572366063057771157e-01
6.968791061869432646e-01
-2.959390341143842695e-01
8.804374513805413027e-01
1.352626033077659828e+00
1.590261295621866244e+00
4.475978032255755190e-01
1.672640680234958266e+00
-3.009666281312871616e-01
-4.912924204686896362e-02
-3.757967424276252855e-01
-1.943029472907052968e-01
1.375552040322888470e+00
5.021288837073678568e-01
1.650382068540494185e+00
-1.374497241246776635e+00
-2.927062696105213746e-01
2.696622988931619003e-01
-2.157533125343306379e-01
1.595291314245814995e-01
-3.818482147504172475e-01
9.199278389429698111e-01
-8.307574485082753757e-01
2.478993852481316540e-01
4.137120992973457034e-01
1.335911096998652736e+00
1.188093010119071619e-01
-1.730990209814031289e+00
9.613720306961971440e-01
9.338538889018066502e-01
1.466678341754879211e+00
6.884692716797822243e-01
-1.876820053962866108e+00
-1.664863908761699429e+00
-1.519851063624759080e+00
-7.370694965438237545e-02
5.663579027131011578e-01
1.520308739785356078e+00
5.310646707751537354e-01
1.731567545074473413e+00
-1.811079019008617896e+00
-1.274758220447664625e+00
-9.971630172942944625e-01
-7.567171693976204594e-01
1.166908055684943379e+00
1.426366390189200140e-01
1.576873954872246353e+00
-1.516338674640122230e-01
-2.539327859103503865e-02
-1.456095733609742982e-01
-8.189479297199069308e-01
1.292236775539801430e+00
-1.045428311883088712e+00
-9.847169107257565390e-02
3.180212793305652319e-01
-3.521879352454987955e-01
-4.298345840356437852e-01
-1.264096628864807670e+00
9.589635444672146569e-01
-5.446260758215301090e-01
-6.078170918423411173e-01
2.379680760316180255e+00
-4.221096638757043662e-01
-1.281587180334570197e+00
7.611687916040311697e-01
-1.242812502136848574e+00
-6.692870674990911706e-01
-2.008388118006627920e-01
-2.132797897961846156e-01
3.033306784852743965e-01
-6.864573903729134230e-01
7.054849582658878626e-01
-5.213676059701536358e-01
-1.964543598577103589e+00
9.529032321213153078e-02
-1.431226962493003185e+00
-4.757655985519945729e-01
1.098566108018742549e-01
7.996719274532122779e-02
6.620402519151640242e-01
7.833942629276244851e-01
-2.599677946886557178e-01
-1.319421101105010985e+00
8.398671362378283545e-02
-1.442559034888305725e+00
-3.936206982144255795e-01
-1.400134983572691061e+00
8.902364262774447035e-01
-9.306857016528448101e-01
-6.043985515864808145e-01
-2.230364457953351032e+00
3.392216612257900610e-01
-7.794236474436778694e-01
-5.816656035654574897e-01
-1.525020775185134125e+00
-6.907424263764893047e-01
1.127580257254949814e+00
-9.782171292334969070e-01
1.656234997679085774e-01
1.171294601977004746e+00
-4.395051018936999010e-01
-4.876246879182756233e-01
-2.527027542869831334e-01
6.798318352668940578e-01
-1.353441507781451447e+00
1.169139715269323032e+00
-2.003447121785093099e+00
-1.009729288696468830e+00
-6.666680877901186575e-01
-6.292481700389956911e-01
2.817787001780167166e+00
-7.105317910283779348e-01
6.860104510384505971e-01
6.875311232986688337e-01
-1.232888097980215369e-01
3.100652514988501696e-01
9.504005716687404792e-01
-1.117051568241256287e-01
7.583233902184838282e-01
6.457512150206607959e-01
-9.992386074447408006e-01
-8.254008788547588793e-01
1.530333468173468603e+00
-3.138529525429857303e-01
1.916779736113430443e+00
-6.356571501736945073e-01
5.477051187915150665e-01
-7.427568023311066359e-01
-5.824054840411846401e-01
-1.502024635565258670e+00
-1.334997844496815578e+00
4.486029139265044763e-01
7.941736179689973252e-01
-8.238508324139733885e-01
-8.885741225645010788e-01
2.719546618353362311e-01
9.140725110389579244e-01
-1.839263920071685099e-01
1.369866897274183426e+00
-1.211648902399863781e+00
1.647635325743961765e+00
4.826252997125770050e-01
1.105941923558812823e+00
-1.035138071920805647e+00
1.299501824548409346e+00
1.012589483449801930e+00
-7.723739483382144888e-01
-2.195067423946910415e-02
5.358685114032188945e-01
4.808509377266166618e-02
2.302811353705393471e-01
1.644883596920317714e+00
-7.435485100422727367e-01
2.226016625559562034e-01
-3.352038443434709469e-01
1.502898924433478944e-01
-1.732709850138180130e+00
-2.951290172406931256e-01
-7.894432896146132139e-02
5.407240487769686688e-01
1.359666507355267617e+00
-7.663474271552164763e-02
6.617413873812512115e-01
-7.714313129135892400e-01
3.548361331469401247e-01
-1.473124998948545317e+00
5.823623286174306468e-01
-3.876679639160439117e-01
2.009271834115499811e+00
-1.160667740642420398e+00
-1.630952612820490089e+00
-3.327888184165432861e-01
-2.253887480772056584e-01
6.007272313634415273e-01
1.867266740207761400e+00
-1.617354522024022190e+00
-7.738080634179488326e-01
1.842852244856444388e+00
8.743907748238411992e-01
6.789628937747188564e-01
-2.463124467663781181e-01
-3.005209601447492163e-01
1.798141573729394038e-01
1.022818427735443292e+00
4.707629803917106615e-01
-2.627188088649591857e-01
8.304900165633762876e-01
-6.183822589132890180e-01
-6.156748136270608907e-01
-9.996552416480307679e-01
-1.764570260132133570e-02
-1.031009247340935575e+00
4.323309943144978407e-01
5.641864754610729366e-02
-8.751853273315668424e-01
1.556409809275520473e-01
2.536688082088775165e+00
-1.292568081928918700e+00
5.014151096172641403e-02
1.188692309175279238e+00
3.966678171899746252e-01
2.097503829186697644e-01
3.049954044758044214e-01
2.226158333541918277e-01
8.171474080257884465e-02
1.792959956451450232e+00
7.700772436908603913e-01
-3.504201757180920862e-01
2.271937851250666274e+00
7.892796590461904627e-01
-5.466786897332819306e-01
-4.971966018198346049e-01
1.927430480882950103e-01
4.889172045168339031e-01
-2.949252745337427872e-01
8.273312142179686246e-01
3.558669367860928801e-01
-4.720294761444667198e-01
4.352559466403677080e-01
-1.414102119721216466e+00
3.513559498663073044e-01
1.647768607130357887e+00
2.269868780450824963e-01
2.387449559937320775e-01
9.555813438639378932e-01
2.154265538715985251e+00
1.339628463288401239e+00
-7.277629155401760253e-01
9.449571185304267429e-01
-2.961441593243971937e-01
2.461979745434937639e-01
4.352286687835955070e-01
2.777570412904050157e-01
1.370491083443767355e+00
-7.562037116378323987e-01
-3.094283621277778007e-01
-4.186509014973722742e-01
1.786110066677358388e+00
2.552408799851930699e-01
1.287391086672451834e+00
4.742228365304877458e-01
3.563856794016628804e+00
1.863895858306645614e-01
-1.849331468951789237e-01
1.154345500372268241e+00
1.861207302619621862e+00
1.340907920138595610e+00
8.172133233498078964e-01
2.077372777822589001e+00
1.612216047695728127e+00
1.978663633283401779e+00
1.360599857209584984e+00
3.980264955087917667e-01
2.808387219114548028e+00
-2.852253204634751516e-01
7.938979121553673135e-01
5.586453732377139048e-02
1.007433274982493909e+00
9.513045763523466647e-01
3.418943597242919630e+00
2.683898954769476486e+00
7.899089105360838081e-01
1.647258500278576232e+00
8.163326410447647730e-01
1.680530467260238137e+00
1.601908959820193434e+00
3.889858547233677299e+00
1.825345228361418659e+00
1.347646551826674477e+00
2.962627562091856070e+00
1.321443518400970740e+00
1.887167123700140392e+00
1.343654836526325447e+00
3.907271331487591759e+00
1.084099289198876104e+00
2.333377370882474988e+00
3.680505326722284032e+00
2.979931385791372289e+00
3.082168367573510093e+00
1.898558770488723013e+00
3.079254771818915160e+00
2.522622440015624523e+00
1.166221370762404730e+00
1.445619001106694501e+00
2.297797279765960710e+00
3.737868644609776858e+00
3.433614962065811849e+00
1.801746151854827449e+00
2.229677286004760006e+00
3.362044419764897096e+00
3.703391206913112743e+00
3.105577869590513629e+00
3.241171525704661605e+00
3.522847298517850056e+00
2.654094451182245518e+00
3.920663477157462218e+00
3.299786528435234345e+00
3.820397524326089478e+00
2.458130885306630375e+00
4.084186312749258363e+00
3.503002095812494776e+00
4.326840668663221479e+00
2.378533420699103118e+00
4.018800081220600617e+00
4.298006524005582918e+00
2.206772091117647605e+00
3.644434652971951571e+00
4.710702640498886318e+00
4.499840677692981572e+00
2.770651974783127525e+00
3.408341010692063300e+00
1.998548006461445148e+00
3.659247437852854556e+00
3.368944215889862370e+00
2.589401607954482376e+00
4.333111027851213493e+00
4.174924306971243837e+00
5.178904738143610409e+00
4.153710235965969666e+00
2.701504224046870739e+00
3.998670471917215696e+00
2.954440972685121736e+00
1.947180066848024360e+00
3.184857171456337621e+00
4.207725471878880796e+00
2.381238667662609387e+00
2.339975178318741023e+00
1.212707105875729940e+00
2.742722778866629074e+00
2.414967519477247748e+00
5.373919978650174123e+00
3.913275754277453000e+00
4.403183933590477217e+00
3.385555615427017884e+00
1.812122472111725280e+00
3.709674555179188093e+00
4.895022309968455332e+00
3.279006508466044689e+00
3.835805826186367451e+00
2.781934455159372543e+00
2.482459462595706157e+00
3.717466599106519887e+00
2.784897531584079822e+00
4.346327859281787553e+00
2.268309075720174484e+00
2.583904984817701589e+00
3.245553125185072219e+00
3.134045553469753553e+00
2.397383158510890677e+00
3.568411420502990428e+00
3.226920302493284431e+00
2.566887138227647469e+00
1.702363889663090601e+00
3.162626485947656274e+00
3.132013429417601635e+00
1.591265123581384167e+00
3.569691377896099915e+00
3.433176105375258302e+00
3.558535550646640733e+00
1.129754627356210017e+00
2.541121028155953088e+00
4.179383627880737251e+00
4.972450915202406563e+00
2.062665537001892702e+00
2.340331426549007610e+00
1.470843145446566913e+00
1.199532666740445785e+00
2.862452157638204486e+00
3.336028300967444515e+00
3.768490747122205775e+00
2.673950475716767805e+00
2.850371640919159955e+00
1.834491391868245724e+00
3.666364544712692464e+00
1.779088416745790102e+00
1.438345425859686166e+00
1.988996906963679479e+00
2.326124264948421061e+00
2.262051335549338127e+00
2.858002619514077747e+00
4.206214330110071842e+00
4.092687785945382295e+00
4.048135949321742366e+00
1.088106422911857996e+00
6.951261407894522293e-01
3.545747970526937465e+00
4.805540276662374488e-01
2.436597722981190817e+00
6.115414384750683219e+00
2.766357314501197706e+00
1.990135429167881886e+00
1.114673134737508287e+00
3.012762882272289833e+00
2.485305095503608896e+00
9.633142461421808633e-01
2.009232544580075164e-01
2.983219197029804981e+00
2.516248473733520896e+00
2.275002146547060011e+00
1.859508638375771961e+00
3.985466607379658299e+00
2.364663070113073751e+00
2.329232407605072996e+00
1.505133809265546851e+00
2.426758169519285246e+00
2.874004663884581756e+00
2.323109335636547979e+00
2.001622693863166269e+00
2.155399977691381252e+00
3.061701492929604917e+00
2.612379102690890242e+00
1.387919123217810968e+00
3.438491881607703249e+00
2.252349428311391399e+00
8.658211461448568347e-01
2.582297520060744311e+00
2.601662897417400977e+00
1.170933162007447237e+00
